3
9
3
9
5 0 -1 1
6 0 -1 0.707106781
6 0 0 1
6 0 1 0.707106781
5 0 1 1
4 0 1 0.707106781
4 0 0 1 
4 0 -1 0.707106781
5 0 -1 1

5 5 -1 0.707106781
6 6 -1 0.5
6 6 0 0.707106781
6 6 1 0.5
5 5 1 0.707106781
4 4 1 0.5
4 4 0 0.707106781
4 4 -1 0.5
5 5 -1 0.707106781

0 5 -1 1
0 6 -1 0.707106781
0 6 0 1
0 6 1 0.707106781
0 5 1 1
0 4 1 0.707106781
0 4 0 1
0 4 -1 0.707106781
0 5 -1 1

-5 5 -1 0.707106781
-6 6 -1 0.5
-6 6 0 0.707106781
-6 6 1 0.5
-5 5 1 0.7071067810
-4 4 1 0.5
-4 4 0 0.707106781
-4 4 -1 0.5
-5 5 -1 0.707106781

-5 0 -1 1
-6 0 -1 0.707106781
-6 0 0 1
-6 0 1 0.707106781
-5 0 1 1
-4 0 1 0.707106781
-4 0 0 1
-4 0 -1 0.707106781 
-5 0 -1 1

-5 -5 -1 0.707106781 
-6 -6 -1 0.5
-6 -6 0 0.707106781
-6 -6 1 0.5
-5 -5 1 0.707106781
-4 -4 1 0.5
-4 -4 0 0.707106781
-4 -4 -1 0.5
-5 -5 -1 0.707106781

0 -5 -1 1
0 -6 -1 0.707106781
0 -6 0 1
0 -6 1 0.707106781
0 -5 1 1
0 -4 1 0.707106781
0 -4 0 1
0 -4 -1 0.707106781
0 -5 -1 1
 
5 -5 -1 0.707106781
6 -6 -1 0.5
6 -6 0 0.707106781 
6 -6 1 0.5
5 -5 1 0.707106781
4 -4 1 0.5
4 -4 0 0.707106781
4 -4 -1 0.5
5 -5 -1 0.707106781

5 0 -1 1
6 0 -1 0.707106781
6 0 0 1
6 0 1 0.707106781
5 0 1 1
4 0 1 0.707106781
4 0 0 1
4 0 -1 0.707106781
5 0 -1 1
0
12
0
0
0
1
1
2
2
3
3
4
4
4
0
12
0
0
0
1
1
2
2
3
3
4
4
4
